Peak Ground Acceleration
Ground Motion (g), 0.0023, 0.0035, 0.0052, 0.0079, 0.0118, 0.0177, 0.0265, 0.0398, 0.0597, 0.0896, 0.1340, 0.2020, 0.3020, 0.4540, 0.6800, 1.0200, 1.5300, 2.3000, 3.4400, 5.1700
Annual Frequency of Exceedance, 9.8262e-2, 9.4302e-2, 8.8207e-2, 7.9655e-2, 6.8830e-2, 5.6462e-2, 4.3683e-2, 3.1580e-2, 2.1314e-2, 1.3356e-2, 7.7530e-3, 4.0351e-3, 1.8878e-3, 7.5142e-4, 2.5000e-4, 6.5094e-5, 1.1973e-5, 1.1522e-6, 5.6168e-8, 3.0490e-9
0.01 s SA
Ground Motion (g), 0.0023, 0.0035, 0.0052, 0.0079, 0.0118, 0.0177, 0.0265, 0.0398, 0.0597, 0.0896, 0.1340, 0.2020, 0.3020, 0.4540, 0.6800, 1.0200, 1.5300, 2.3000, 3.4400, 5.1700
Annual Frequency of Exceedance, 9.8262e-2, 9.4302e-2, 8.8207e-2, 7.9655e-2, 6.8830e-2, 5.6462e-2, 4.3683e-2, 3.1580e-2, 2.1314e-2, 1.3356e-2, 7.7530e-3, 4.0351e-3, 1.8878e-3, 7.5142e-4, 2.5000e-4, 6.5094e-5, 1.1973e-5, 1.1522e-6, 5.6168e-8, 3.0490e-9
0.02 s SA
Ground Motion (g), 0.0028, 0.0042, 0.0064, 0.0095, 0.0143, 0.0215, 0.0322, 0.0483, 0.0725, 0.1090, 0.1630, 0.2450, 0.3670, 0.5510, 0.8260, 1.2400, 1.8600, 2.7900, 4.1800, 6.2700
Annual Frequency of Exceedance, 9.6740e-2, 9.1952e-2, 8.4826e-2, 7.5363e-2, 6.3952e-2, 5.1275e-2, 3.8736e-2, 2.7335e-2, 1.7945e-2, 1.0884e-2, 6.0947e-3, 3.0486e-3, 1.3470e-3, 5.0379e-4, 1.5434e-4, 3.5946e-5, 5.5243e-6, 3.9584e-7, 2.4688e-8, 1.5923e-9
0.03 s SA
Ground Motion (g), 0.0033, 0.0050, 0.0075, 0.0112, 0.0169, 0.0253, 0.0379, 0.0569, 0.0853, 0.1280, 0.1920, 0.2880, 0.4320, 0.6480, 0.9720, 1.4600, 2.1900, 3.2800, 4.9200, 7.3800
Annual Frequency of Exceedance, 9.5748e-2, 9.0468e-2, 8.2843e-2, 7.3010e-2, 6.1103e-2, 4.8522e-2, 3.6190e-2, 2.5174e-2, 1.6307e-2, 9.7505e-3, 5.3262e-3, 2.6065e-3, 1.1136e-3, 4.0229e-4, 1.1756e-4, 2.5621e-5, 3.5116e-6, 2.2888e-7, 1.7410e-8, 1.0264e-9
0.05 s SA
Ground Motion (g), 0.0033, 0.0050, 0.0075, 0.0112, 0.0169, 0.0253, 0.0379, 0.0569, 0.0853, 0.1280, 0.1920, 0.2880, 0.4320, 0.6480, 0.9720, 1.4600, 2.1900, 3.2800, 4.9200, 7.3800
Annual Frequency of Exceedance, 9.6926e-2, 9.2378e-2, 8.5629e-2, 7.6669e-2, 6.5471e-2, 5.3228e-2, 4.0775e-2, 2.9203e-2, 1.9507e-2, 1.2053e-2, 6.8319e-3, 3.4944e-3, 1.5775e-3, 6.1149e-4, 1.9641e-4, 4.9111e-5, 8.5750e-6, 8.1468e-7, 6.0208e-8, 5.7417e-9
0.075 s SA
Ground Motion (g), 0.0033, 0.0050, 0.0075, 0.0112, 0.0169, 0.0253, 0.0379, 0.0569, 0.0853, 0.1280, 0.1920, 0.2880, 0.4320, 0.6480, 0.9720, 1.4600, 2.1900, 3.2800, 4.9200, 7.3800
Annual Frequency of Exceedance, 9.8519e-2, 9.4986e-2, 8.9497e-2, 8.1851e-2, 7.1814e-2, 6.0270e-2, 4.7895e-2, 3.5745e-2, 2.4975e-2, 1.6215e-2, 9.7211e-3, 5.3134e-3, 2.6002e-3, 1.1131e-3, 4.0554e-4, 1.2044e-4, 2.7447e-5, 4.1522e-6, 3.4717e-7, 3.0672e-8
0.1 s SA
Ground Motion (g), 0.0033, 0.0050, 0.0075, 0.0112, 0.0169, 0.0253, 0.0379, 0.0569, 0.0853, 0.1280, 0.1920, 0.2880, 0.4320, 0.6480, 0.9720, 1.4600, 2.1900, 3.2800, 4.9200, 7.3800
Annual Frequency of Exceedance, 9.9653e-2, 9.6906e-2, 9.2458e-2, 8.5985e-2, 7.7098e-2, 6.6409e-2, 5.4413e-2, 4.2059e-2, 3.0550e-2, 2.0704e-2, 1.3024e-2, 7.5292e-3, 3.9420e-3, 1.8333e-3, 7.4022e-4, 2.5161e-4, 6.9526e-5, 1.4470e-5, 1.9278e-6, 1.6100e-7
0.15 s SA
Ground Motion (g), 0.0033, 0.0050, 0.0075, 0.0112, 0.0169, 0.0253, 0.0379, 0.0569, 0.0853, 0.1280, 0.1920, 0.2880, 0.4320, 0.6480, 0.9720, 1.4600, 2.1900, 3.2800, 4.9200, 7.3800
Annual Frequency of Exceedance, 1.0034e-1, 9.8055e-2, 9.4227e-2, 8.8470e-2, 8.0314e-2, 7.0203e-2, 5.8524e-2, 4.6137e-2, 3.4253e-2, 2.3783e-2, 1.5378e-2, 9.1839e-3, 5.0038e-3, 2.4442e-3, 1.0475e-3, 3.8294e-4, 1.1620e-4, 2.7697e-5, 4.5933e-6, 4.8084e-7
0.2 s SA
Ground Motion (g), 0.0033, 0.0050, 0.0075, 0.0112, 0.0169, 0.0253, 0.0379, 0.0569, 0.0853, 0.1280, 0.1920, 0.2880, 0.4320, 0.6480, 0.9720, 1.4600, 2.1900, 3.2800, 4.9200, 7.3800
Annual Frequency of Exceedance, 1.0074e-1, 9.8678e-2, 9.5131e-2, 8.9649e-2, 8.1696e-2, 7.1650e-2, 5.9885e-2, 4.7293e-2, 3.5153e-2, 2.4441e-2, 1.5841e-2, 9.5006e-3, 5.2073e-3, 2.5604e-3, 1.1031e-3, 4.0336e-4, 1.2125e-4, 2.8171e-5, 4.3619e-6, 3.9296e-7
0.25 s SA
Ground Motion (g), 0.0033, 0.0050, 0.0075, 0.0112, 0.0169, 0.0253, 0.0379, 0.0569, 0.0853, 0.1280, 0.1920, 0.2880, 0.4320, 0.6480, 0.9720, 1.4600, 2.1900, 3.2800, 4.9200, 7.3800
Annual Frequency of Exceedance, 1.0047e-1, 9.8150e-2, 9.4209e-2, 8.8203e-2, 7.9630e-2, 6.9000e-2, 5.6818e-2, 4.4102e-2, 3.2176e-2, 2.1946e-2, 1.3953e-2, 8.2004e-3, 4.3917e-3, 2.0987e-3, 8.7188e-4, 3.0371e-4, 8.5395e-5, 1.7937e-5, 2.3195e-6, 1.8228e-7
0.3 s SA
Ground Motion (g), 0.0033, 0.0050, 0.0075, 0.0112, 0.0169, 0.0253, 0.0379, 0.0569, 0.0853, 0.1280, 0.1920, 0.2880, 0.4320, 0.6480, 0.9720, 1.4600, 2.1900, 3.2800, 4.9200, 7.3800
Annual Frequency of Exceedance, 9.9991e-2, 9.7274e-2, 9.2743e-2, 8.6009e-2, 7.6666e-2, 6.5429e-2, 5.2954e-2, 4.0354e-2, 2.8916e-2, 1.9393e-2, 1.2135e-2, 7.0156e-3, 3.6845e-3, 1.7175e-3, 6.9062e-4, 2.3030e-4, 6.1018e-5, 1.1692e-5, 1.2835e-6, 1.0021e-7
0.4 s SA
Ground Motion (g), 0.0033, 0.0050, 0.0075, 0.0112, 0.0169, 0.0253, 0.0379, 0.0569, 0.0853, 0.1280, 0.1920, 0.2880, 0.4320, 0.6480, 0.9720, 1.4600, 2.1900, 3.2800, 4.9200, 7.3800
Annual Frequency of Exceedance, 9.8615e-2, 9.4852e-2, 8.8902e-2, 8.0567e-2, 6.9708e-2, 5.7483e-2, 4.4809e-2, 3.2873e-2, 2.2729e-2, 1.4746e-2, 8.9235e-3, 4.9619e-3, 2.4809e-3, 1.0855e-3, 4.0243e-4, 1.2090e-4, 2.7771e-5, 4.2127e-6, 3.2119e-7, 2.3286e-8
0.5 s SA
Ground Motion (g), 0.0033, 0.0050, 0.0075, 0.0112, 0.0169, 0.0253, 0.0379, 0.0569, 0.0853, 0.1280, 0.1920, 0.2880, 0.4320, 0.6480, 0.9720, 1.4600, 2.1900, 3.2800, 4.9200, 7.3800
Annual Frequency of Exceedance, 9.6219e-2, 9.0959e-2, 8.3231e-2, 7.3190e-2, 6.1075e-2, 4.8458e-2, 3.6339e-2, 2.5706e-2, 1.7186e-2, 1.0775e-2, 6.2639e-3, 3.3088e-3, 1.5480e-3, 6.2260e-4, 2.0789e-4, 5.4610e-5, 1.0328e-5, 1.1304e-6, 7.9011e-8, 5.1886e-9
0.75 s SA
Ground Motion (g), 0.0025, 0.0037, 0.0056, 0.0084, 0.0126, 0.0190, 0.0284, 0.0427, 0.0640, 0.0960, 0.1440, 0.2160, 0.3240, 0.4860, 0.7290, 1.0900, 1.6400, 2.4600, 3.6900, 5.5400
Annual Frequency of Exceedance, 9.5739e-2, 9.0163e-2, 8.2145e-2, 7.1785e-2, 5.9914e-2, 4.7291e-2, 3.5652e-2, 2.5451e-2, 1.7305e-2, 1.1095e-2, 6.6215e-3, 3.6053e-3, 1.7467e-3, 7.3198e-4, 2.5700e-4, 7.3272e-5, 1.5199e-5, 1.9964e-6, 1.6095e-7, 1.0946e-8
1 s SA
Ground Motion (g), 0.0025, 0.0037, 0.0056, 0.0084, 0.0126, 0.0190, 0.0284, 0.0427, 0.0640, 0.0960, 0.1440, 0.2160, 0.3240, 0.4860, 0.7290, 1.0900, 1.6400, 2.4600, 3.6900, 5.5400
Annual Frequency of Exceedance, 9.1516e-2, 8.3989e-2, 7.4147e-2, 6.2577e-2, 5.0478e-2, 3.8647e-2, 2.8457e-2, 1.9932e-2, 1.3301e-2, 8.3256e-3, 4.8030e-3, 2.4957e-3, 1.1378e-3, 4.4224e-4, 1.4162e-4, 3.5883e-5, 6.2339e-6, 6.4270e-7, 5.2839e-8, 3.0621e-9
1.5 s SA
Ground Motion (g), 0.0025, 0.0037, 0.0056, 0.0084, 0.0126, 0.0190, 0.0284, 0.0427, 0.0640, 0.0960, 0.1440, 0.2160, 0.3240, 0.4860, 0.7290, 1.0900, 1.6400, 2.4600, 3.6900, 5.5400
Annual Frequency of Exceedance, 7.6523e-2, 6.5355e-2, 5.3463e-2, 4.1926e-2, 3.1700e-2, 2.2899e-2, 1.5947e-2, 1.0452e-2, 6.3954e-3, 3.5615e-3, 1.7629e-3, 7.5521e-4, 2.7188e-4, 7.9185e-5, 1.7466e-5, 2.6128e-6, 2.7142e-7, 2.6539e-8, 1.9138e-9, 9.4743e-13
2 s SA
Ground Motion (g), 0.0025, 0.0037, 0.0056, 0.0084, 0.0126, 0.0190, 0.0284, 0.0427, 0.0640, 0.0960, 0.1440, 0.2160, 0.3240, 0.4860, 0.7290, 1.0900, 1.6400, 2.4600, 3.6900
Annual Frequency of Exceedance, 6.2635e-2, 5.0891e-2, 3.9846e-2, 3.0109e-2, 2.2006e-2, 1.5290e-2, 1.0130e-2, 6.1977e-3, 3.4612e-3, 1.7142e-3, 7.3432e-4, 2.6444e-4, 7.7127e-5, 1.7078e-5, 2.5455e-6, 2.9012e-7, 2.8059e-8, 1.8773e-9, 3.7129e-14
3 s SA
Ground Motion (g), 0.0020, 0.0030, 0.0045, 0.0067, 0.0101, 0.0152, 0.0228, 0.0341, 0.0512, 0.0768, 0.1150, 0.1730, 0.2590, 0.3890, 0.5830, 0.8750, 1.3100
Annual Frequency of Exceedance, 4.7459e-2, 3.7054e-2, 2.8092e-2, 2.0541e-2, 1.4411e-2, 9.5112e-3, 5.8393e-3, 3.2674e-3, 1.6099e-3, 6.8572e-4, 2.4637e-4, 7.0714e-5, 1.5693e-5, 2.3630e-6, 2.8305e-7, 2.6442e-8, 1.1262e-9
4 s SA
Ground Motion (g), 0.0013, 0.0020, 0.0030, 0.0045, 0.0067, 0.0101, 0.0152, 0.0228, 0.0341, 0.0512, 0.0768, 0.1150, 0.1730, 0.2590, 0.3890, 0.5830, 0.8750
Annual Frequency of Exceedance, 4.4676e-2, 3.4738e-2, 2.6284e-2, 1.9269e-2, 1.3497e-2, 8.9324e-3, 5.4417e-3, 3.0107e-3, 1.4797e-3, 6.2255e-4, 2.2036e-4, 6.3708e-5, 1.3903e-5, 2.1949e-6, 2.6941e-7, 2.3512e-8, 3.7538e-10
5 s SA
Ground Motion (g), 0.0010, 0.0015, 0.0022, 0.0034, 0.0051, 0.0076, 0.0114, 0.0171, 0.0256, 0.0384, 0.0576, 0.0864, 0.1300, 0.1940, 0.2920, 0.4370, 0.6560
Annual Frequency of Exceedance, 4.2290e-2, 3.2614e-2, 2.4432e-2, 1.7692e-2, 1.2205e-2, 7.9270e-3, 4.7171e-3, 2.5341e-3, 1.2012e-3, 4.8697e-4, 1.6503e-4, 4.5085e-5, 9.2127e-6, 1.3924e-6, 1.6520e-7, 1.1371e-8, 2.3877e-11
7.5 s SA
Ground Motion (g), 0.0005, 0.0007, 0.0011, 0.0017, 0.0025, 0.0038, 0.0057, 0.0085, 0.0128, 0.0192, 0.0288, 0.0432, 0.0648, 0.0972, 0.1460, 0.2190, 0.3280
Annual Frequency of Exceedance, 4.3812e-2, 3.3831e-2, 2.5424e-2, 1.8316e-2, 1.2680e-2, 8.2456e-3, 4.9262e-3, 2.6557e-3, 1.2576e-3, 5.1214e-4, 1.7475e-4, 4.8243e-5, 1.0173e-5, 1.5383e-6, 1.9033e-7, 1.3817e-8, 5.5941e-11
10 s SA
Ground Motion (g), 0.0003, 0.0005, 0.0007, 0.0011, 0.0017, 0.0025, 0.0038, 0.0057, 0.0085, 0.0128, 0.0192, 0.0288, 0.0432, 0.0648, 0.0972, 0.1460, 0.2190
Annual Frequency of Exceedance, 4.3074e-2, 3.3160e-2, 2.4732e-2, 1.7841e-2, 1.2162e-2, 7.8247e-3, 4.6209e-3, 2.4420e-3, 1.1349e-3, 4.5119e-4, 1.4997e-4, 4.0150e-5, 8.1534e-6, 1.1830e-6, 1.4663e-7, 9.5991e-9, 4.4503e-12